new home file1new home file1new home file1new home file1new home file1new home file1new home file112 25 new home file112 25 12 25 12 25 12 25 12 25 12 25 12 25 12 25 12 25 12 25 12 25 12 25 12 25 12 25 12 25 12 25 12 25 12 25 12 25 12 25 12 25 12 25 12 25 12 25 12 25 12 25 12 25 12 25 12 25 12 25 12 25 12 25 12 25 12 25 12 25 12 25 12 25 12 25 12 25 12 25 12 25 12 25 12 25 12 25 12 25 12 25 12 25 12 25 12 25 12 25 12 25 $(i)
$(i)
$(i)
$(i)
$(i)
$(i)
$(i)
$(i)
$(i)
$(i)
$(i)
$(i)
$(i)
$(i)
12
13
15
14
16
17
18
19
20
21
22
23
24
25
